~o <VecSize> 12 <MFCC> <DIAGC> <NULLD>
<BeginHMM>
<NumStates> 5 <StreamInfo> 1 12 <VecSize> 12
<State> 2
<Mean> 12
0.0 0.0 0.0 0.0 0.0 0.0 0.0 0.0 0.0 0.0 0.0 0.0
<Variance> 12
1.0 1.0 1.0 1.0 1.0 1.0 1.0 1.0 1.0 1.0 1.0 1.0
<State> 3
<Mean> 12
0.0 0.0 0.0 0.0 0.0 0.0 0.0 0.0 0.0 0.0 0.0 0.0
<Variance> 12
1.0 1.0 1.0 1.0 1.0 1.0 1.0 1.0 1.0 1.0 1.0 1.0
<State> 4
<Mean> 12
0.0 0.0 0.0 0.0 0.0 0.0 0.0 0.0 0.0 0.0 0.0 0.0
<Variance> 12
1.0 1.0 1.0 1.0 1.0 1.0 1.0 1.0 1.0 1.0 1.0 1.0
<TransP> 5
0.0 1.0 0.0 0.0 0.0
0.0 0.5 0.5 0.0 0.0
0.0 0.0 0.5 0.5 0.0
0.0 0.0 0.0 0.5 0.5
0.0 0.0 0.0 0.0 0.0
<EndHMM>
